100
140392
63975
411387
565310
35145
415863
156721
954104
470761
345020
321866
67167
509954
988219
266341
102502
303808
837726
76392
332335
107082
922009
595639
222777
627163
214027
543995
921524
483965
129150
193201
428912
847676
83812
859080
819402
656496
632590
568649
48112
53022
794103
776304
327036
312404
435387
432006
122068
713251
270409
988306
674545
362730
903977
491507
251307
30627
161216
607299
852367
478863
889313
1402
713326
936
109002
94630
676934
158219
596620
854676
915083
604525
601184
191032
683116
686578
356162
770409
383744
222343
978990
205957
157132
292667
651113
64535
673557
239193
358300
204929
262042
311460
500838
841557
318798
627294
470311
747541
417351
